4.974609375000000000e+01
1.152500000000000000e+02
5.080078125000000000e+01
1.407500000000000000e+02
5.291015625000000000e+01
1.662500000000000000e+02
5.923828125000000000e+01
1.902500000000000000e+02
7.189453125000000000e+01
2.082500000000000000e+02
8.666015625000000000e+01
2.202500000000000000e+02
1.035351562500000000e+02
2.277500000000000000e+02
1.204101562500000000e+02
2.322500000000000000e+02
1.372851562500000000e+02
2.322500000000000000e+02
1.488867187500000000e+02
2.232500000000000000e+02
1.573242187500000000e+02
2.097500000000000000e+02
1.636523437500000000e+02
1.947500000000000000e+02
1.689257812500000000e+02
1.782500000000000000e+02
1.741992187500000000e+02
1.617500000000000000e+02
1.763085937500000000e+02
1.437500000000000000e+02
1.763085937500000000e+02
1.257500000000000000e+02
1.763085937500000000e+02
1.077500000000000000e+02
6.662109375000000000e+01
1.047500000000000000e+02
7.927734375000000000e+01
9.500000000000000000e+01
9.351562500000000000e+01
9.125000000000000000e+01
1.093359375000000000e+02
9.050000000000000000e+01
1.214648437500000000e+02
9.350000000000000000e+01
1.425585937500000000e+02
9.350000000000000000e+01
1.520507812500000000e+02
8.975000000000000000e+01
1.604882812500000000e+02
8.900000000000000000e+01
1.689257812500000000e+02
9.050000000000000000e+01
1.763085937500000000e+02
9.725000000000000000e+01
1.351757812500000000e+02
1.092500000000000000e+02
1.372851562500000000e+02
1.242500000000000000e+02
1.393945312500000000e+02
1.392500000000000000e+02
1.415039062500000000e+02
1.542500000000000000e+02
1.214648437500000000e+02
1.617500000000000000e+02
1.288476562500000000e+02
1.632500000000000000e+02
1.383398437500000000e+02
1.632500000000000000e+02
1.436132812500000000e+02
1.617500000000000000e+02
1.499414062500000000e+02
1.587500000000000000e+02
8.244140625000000000e+01
1.137500000000000000e+02
8.876953125000000000e+01
1.062500000000000000e+02
1.045898437500000000e+02
1.062500000000000000e+02
1.109179687500000000e+02
1.137500000000000000e+02
1.045898437500000000e+02
1.167500000000000000e+02
8.876953125000000000e+01
1.167500000000000000e+02
1.457226562500000000e+02
1.122500000000000000e+02
1.520507812500000000e+02
1.047500000000000000e+02
1.647070312500000000e+02
1.047500000000000000e+02
1.699804687500000000e+02
1.107500000000000000e+02
1.647070312500000000e+02
1.152500000000000000e+02
1.520507812500000000e+02
1.152500000000000000e+02
1.045898437500000000e+02
1.857500000000000000e+02
1.183007812500000000e+02
1.812500000000000000e+02
1.330664062500000000e+02
1.767500000000000000e+02
1.372851562500000000e+02
1.767500000000000000e+02
1.425585937500000000e+02
1.767500000000000000e+02
1.499414062500000000e+02
1.782500000000000000e+02
1.573242187500000000e+02
1.827500000000000000e+02
1.509960937500000000e+02
1.887500000000000000e+02
1.446679687500000000e+02
1.932500000000000000e+02
1.372851562500000000e+02
1.962500000000000000e+02
1.267382812500000000e+02
1.962500000000000000e+02
1.161914062500000000e+02
1.917500000000000000e+02
1.066992187500000000e+02
1.857500000000000000e+02
1.225195312500000000e+02
1.857500000000000000e+02
1.383398437500000000e+02
1.842500000000000000e+02
1.467773437500000000e+02
1.827500000000000000e+02
1.552148437500000000e+02
1.827500000000000000e+02
1.467773437500000000e+02
1.827500000000000000e+02
1.372851562500000000e+02
1.857500000000000000e+02
1.225195312500000000e+02
1.857500000000000000e+02
